        1      27.846    6912.000    6912.028       1.000  281246.300     559.900     909.900    8588.900      11.900
        2      27.824    6917.000    6916.999       1.000  280119.300     579.900     921.900    8648.900      10.900
        3      27.802    6922.000    6921.979       1.000  278695.300     557.900     899.900    8643.900      11.900
        4      27.780    6927.000    6927.023       1.000  277538.300     584.900     921.900    8697.900       3.900
        5      27.758    6932.000    6932.019       1.000  276494.300     599.900     934.900    8680.900       2.900
        6      27.737    6937.000    6937.023       1.000  275693.300     615.900     947.900    8690.900       1.900
        7      27.715    6942.000    6941.977       1.000  274273.300     617.900     943.900    8649.900       8.900
        8      27.694    6947.000    6946.998       1.000  273321.300     618.900     943.900    8628.900       6.900
        9      27.672    6952.000    6952.026       1.000  272516.300     641.900     961.900    8624.900       7.900
       10      27.650    6957.000    6957.005       1.000  270967.300     631.900     950.900    8601.900       7.900
       11      27.629    6962.000    6961.992       1.000  270041.300     636.900     961.900    8604.900       8.900
       12      27.607    6967.000    6966.987       1.000  269023.300     626.900     958.900    8624.900       8.900
       13      27.586    6972.000    6971.990       1.000  267957.300     632.900     956.900    8626.900       8.900
       14      27.564    6977.000    6977.001       1.000  266938.300     650.900     967.900    8646.900       6.900
       15      27.543    6982.000    6982.022       1.000  265462.300     656.900     969.900    8622.900       6.900
       16      27.521    6987.000    6986.991       1.000  264371.300     662.900     981.900    8643.900       6.900
       17      27.500    6992.000    6992.027       1.000  263080.300     648.900     967.900    8667.900      -0.100
       18      27.479    6997.000    6997.013       1.000  261754.300     702.900    1013.900    8661.900      -3.100
       19      27.458    7002.000    7002.006       1.000  260988.300     668.900     980.900    8684.900      -1.100
       20      27.436    7007.000    7007.008       1.000  259096.300     711.900    1019.900    8717.900      -3.100
       21      27.415    7012.000    7012.018       1.000  258059.300     713.900    1022.900    8685.900      -4.100
       22      27.394    7017.000    7016.978       1.000  256816.300     697.900    1001.900    8726.900      -2.100
       23      27.373    7022.000    7022.003       1.000  255722.300     698.900    1006.900    8721.900      -1.100
       24      27.352    7027.000    7026.979       1.000  254260.300     687.900     996.900    8803.900       0.900
       25      27.330    7032.000    7032.021       1.000  253615.300     662.900     971.900    8811.900       7.900
       26      27.309    7037.000    7037.012       1.000  252679.300     640.900     956.900    8792.900       8.900
       27      27.288    7042.000    7042.011       1.000  251306.300     661.900     972.900    8850.900       6.900
       28      27.267    7047.000    7047.018       1.000  250074.300     669.900     977.900    8860.900       5.900
       29      27.247    7052.000    7051.973       1.000  248910.300     654.900     963.900    8880.900       7.900
       30      27.226    7057.000    7056.997       1.000  247472.300     661.900     969.900    8911.900       7.900
       31      27.205    7062.000    7062.028       1.000  245589.300     650.900     956.900    8903.900       8.900
       32      27.184    7067.000    7067.007       1.000  244800.300     628.900     938.900    8973.900      10.900
       33      27.163    7072.000    7071.995       1.000  243365.300     637.900     944.900    8993.900      10.900
       34      27.142    7077.000    7076.990       1.000  242134.300     651.900     957.900    9097.900       9.900
       35      27.122    7082.000    7081.994       1.000  241284.300     653.900     958.900    9243.900       9.900
       36      27.118    7083.000    7083.020       1.000  241538.300     663.900     968.900    9253.900       8.900
       37      27.116    7083.301    7083.321       1.000  241245.300     660.900     965.900    9244.900       9.900
       38      27.115    7083.601    7083.623       1.000  241415.300     663.900     970.900    9266.900       9.900
       39      27.114    7083.902    7083.924       1.000  241388.300     665.900     971.900    9272.900       8.900
       40      27.112    7084.203    7084.227       1.000  241236.300     664.900     971.900    9308.900       7.900
       41      27.111    7084.503    7084.529       1.000  241326.300     665.900     972.900    9306.900       8.900
       42      27.110    7084.804    7084.830       1.000  240406.300     665.900     968.900    9253.900       7.900
       43      27.109    7085.104    7085.132       1.000  240484.300     664.900     967.900    9283.900       7.900
       44      27.108    7085.405    7085.435       1.000  240224.300     666.900     967.900    9272.900       8.900
       45      27.107    7085.706    7085.676       1.000  240286.300     664.900     966.900    9293.900       8.900
       46      27.105    7086.006    7085.978       1.000  240400.300     668.900     973.900    9328.900       2.900
       47      27.104    7086.307    7086.280       1.000  240289.300     671.900     977.900    9316.900       7.900
       48      27.103    7086.607    7086.582       1.000  240476.300     670.900     972.900    9380.900       8.900
       49      27.101    7086.908    7086.884       1.000  240786.300     673.900     978.900    9401.900       9.900
       50      27.100    7087.208    7087.186       1.000  240518.300     675.900     980.900    9352.900       4.900
       51      27.099    7087.509    7087.488       1.000  240599.300     675.900     981.900    9394.900       7.900
       52      27.098    7087.810    7087.791       1.000  240519.300     681.900     986.900    9406.900       6.900
       53      27.097    7088.110    7088.093       1.000  240313.300     680.900     988.900    9403.900       2.900
       54      27.095    7088.411    7088.395       1.000  240519.300     683.900     989.900    9417.900       0.900
       55      27.094    7088.711    7088.698       1.000  240175.300     683.900     990.900    9398.900       4.900
       56      27.093    7089.012    7089.000       1.000  240131.300     685.900     989.900    9436.900       5.900
       57      27.091    7089.313    7089.302       1.000  240262.300     689.900     999.900    9469.900       6.900
       58      27.090    7089.613    7089.604       1.000  239781.300     689.900     993.900    9444.900       6.900
       59      27.089    7089.914    7089.907       1.000  239931.300     692.900     996.900    9429.900       6.900
       60      27.088    7090.215    7090.209       1.000  239769.300     691.900     993.900    9470.900       5.900
       61      27.087    7090.515    7090.512       1.000  240581.300     694.900     998.900    9497.900       6.900
       62      27.085    7090.816    7090.814       1.000  240348.300     700.900    1001.900    9522.900       1.900
       63      27.084    7091.117    7091.117       1.000  240301.300     702.900    1003.900    9493.900      -0.100
       64      27.083    7091.417    7091.419       1.000  240100.300     703.900    1007.900    9563.900       0.900
       65      27.081    7091.718    7091.722       1.000  240295.300     708.900    1007.900    9534.900      -1.100
       66      27.080    7092.019    7092.025       1.000  240080.300     710.900    1012.900    9565.900       2.900
       67      27.079    7092.319    7092.327       1.000  240106.300     712.900    1018.900    9540.900       5.900
       68      27.078    7092.620    7092.630       1.000  239885.300     712.900    1013.900    9599.900       5.900
       69      27.076    7092.920    7092.933       1.000  239687.300     711.900    1011.900    9615.900       5.900
       70      27.075    7093.221    7093.235       1.000  239398.300     728.900    1029.900    9575.900       5.900
       71      27.074    7093.521    7093.538       1.000  239089.300     733.900    1031.900    9556.900       4.900
       72      27.073    7093.822    7093.841       1.000  239112.300     731.900    1031.900    9575.900       4.900
       73      27.072    7094.123    7094.144       1.000  238990.300     730.900    1030.900    9574.900       5.900
       74      27.070    7094.423    7094.446       1.000  238655.300     730.900    1026.900    9563.900       4.900
       75      27.069    7094.724    7094.750       1.000  238620.300     735.900    1033.900    9603.900       3.900
       76      27.068    7095.024    7095.052       1.000  238837.300     734.900    1034.900    9628.900       4.900
       77      27.066    7095.325    7095.355       1.000  238796.300     732.900    1032.900    9655.900       3.900
       78      27.066    7095.626    7095.597       1.000  238885.300     733.900    1034.900    9648.900       3.900
       79      27.064    7095.926    7095.900       1.000  239054.300     733.900    1034.900    9688.900       4.900
       80      27.063    7096.227    7096.204       1.000  239160.300     736.900    1041.900    9691.900       4.900
       81      27.062    7096.528    7096.506       1.000  239152.300     736.900    1037.900    9714.900       0.900
       82      27.060    7096.828    7096.810       1.000  238870.300     734.900    1034.900    9718.900      -2.100
       83      27.059    7097.129    7097.112       1.000  238375.300     730.900    1028.900    9725.900      -1.100
       84      27.058    7097.430    7097.416       1.000  238365.300     734.900    1034.900    9771.900      -3.100
       85      27.057    7097.730    7097.719       1.000  238253.300     731.900    1027.900    9705.900      -3.100
       86      27.056    7098.031    7098.022       1.000  238424.300     730.900    1029.900    9773.900      -2.100
       87      27.054    7098.331    7098.325       1.000  238383.300     732.900    1028.900    9864.900      -3.100
       88      27.053    7098.632    7098.628       1.000  238152.300     732.900    1029.900    9851.900      -2.100
       89      27.052    7098.933    7098.932       1.000  237961.300     732.900    1033.900    9817.900       4.900
       90      27.051    7099.233    7099.235       1.000  238063.300     733.900    1032.900    9871.900       5.900
       91      27.049    7099.534    7099.539       1.000  238331.300     734.900    1032.900    9927.900       5.900
       92      27.048    7099.834    7099.841       1.000  238381.300     738.900    1039.900    9951.900       5.900
       93      27.047    7100.135    7100.146       1.000  238088.300     735.900    1036.900    9941.900      -0.100
       94      27.045    7100.436    7100.448       1.000  238162.300     739.900    1041.900    9979.900       4.900
       95      27.044    7100.736    7100.752       1.000  237833.300     735.900    1036.900    9936.900       0.900
       96      27.043    7101.037    7101.056       1.000  237542.300     734.900    1031.900    9986.900       5.900
       97      27.042    7101.337    7101.359       1.000  237562.300     731.900    1028.900   10013.900       5.900
       98      27.041    7101.638    7101.663       1.000  237645.300     730.900    1028.900   10025.900       5.900
       99      27.039    7101.938    7101.966       1.000  237697.300     729.900    1026.900   10063.900       0.900
      100      27.038    7102.239    7102.270       1.000  237459.300     726.900    1023.900   10102.900       0.900
      101      27.037    7102.540    7102.513       1.000  237273.300     723.900    1020.900   10062.900       5.900
      102      27.036    7102.840    7102.816       1.000  236877.300     723.900    1021.900   10105.900       5.900
      103      27.035    7103.141    7103.120       1.000  236993.300     723.900    1021.900   10158.900       5.900
      104      27.033    7103.442    7103.423       1.000  236754.300     722.900    1020.900   10178.900      -1.100
      105      27.032    7103.742    7103.727       1.000  236881.300     721.900    1020.900   10200.900      -1.100
      106      27.031    7104.043    7104.031       1.000  237105.300     723.900    1021.900   10251.900       3.900
      107      27.029    7104.344    7104.335       1.000  236587.300     726.900    1023.900   10276.900       4.900
      108      27.028    7104.644    7104.639       1.000  236550.300     723.900    1022.900   10275.900      -1.100
      109      27.027    7104.945    7104.942       1.000  236489.300     722.900    1018.900   10347.900      -1.100
      110      27.026    7105.246    7105.247       1.000  236532.300     724.900    1020.900   10363.900       1.900
      111      27.024    7105.546    7105.550       1.000  235869.300     720.900    1016.900   10388.900      -1.100
      112      27.023    7105.847    7105.854       1.000  236095.300     721.900    1019.900   10411.900      -0.100
      113      27.022    7106.147    7106.158       1.000  235835.300     724.900    1019.900   10423.900      -0.100
      114      27.021    7106.448    7106.462       1.000  235883.300     723.900    1018.900   10465.900      -1.100
      115      27.020    7106.749    7106.766       1.000  235613.300     725.900    1018.900   10532.900       1.900
      116      27.018    7107.049    7107.070       1.000  235901.300     723.900    1016.900   10591.900       6.900
      117      27.017    7107.350    7107.375       1.000  235666.300     723.900    1016.900   10612.900       6.900
      118      27.016    7107.650    7107.678       1.000  235737.300     723.900    1015.900   10654.900       6.900
      119      27.015    7107.951    7107.922       1.000  235630.300     723.900    1021.900   10725.900       6.900
      120      27.014    7108.251    7108.226       1.000  235677.300     719.900    1013.900   10781.900       7.900
      121      27.012    7108.552    7108.530       1.000  235542.300     721.900    1011.900   10861.900       6.900
      122      27.011    7108.853    7108.834       1.000  235402.300     722.900    1012.900   10933.900       6.900
      123      27.010    7109.153    7109.138       1.000  235420.300     721.900    1008.900   11008.900       7.900
      124      27.008    7109.454    7109.443       1.000  235021.300     719.900    1001.900   11052.900       7.900
      125      27.007    7109.754    7109.747       1.000  234639.300     719.900     994.900   11120.900       2.900
      126      27.006    7110.055    7110.052       1.000  234994.300     719.900     989.900   11250.900       0.900
      127      27.005    7110.356    7110.356       1.000  234832.300     716.900     977.900   11374.900      -2.100
      128      27.003    7110.656    7110.660       1.000  234700.300     716.900     968.900   11510.900      -2.100
      129      27.002    7110.957    7110.964       1.000  234770.300     723.900     967.900   11744.900       4.900
      130      27.001    7111.258    7111.270       1.000  234594.300     717.900     942.900   11943.900      -2.100
      131      27.000    7111.558    7111.574       1.000  234146.300     714.900     919.900   12264.900      -2.100
      132      26.999    7111.859    7111.878       1.000  234014.300     713.900     904.900   12712.900       5.900
      133      26.997    7112.160    7112.183       1.000  234007.300     712.900     891.900   13348.900       6.900
      134      26.996    7112.460    7112.487       1.000  233937.300     714.900     879.900   14092.900       5.900
      135      26.995    7112.761    7112.731       1.000  233758.300     711.900     871.900   14724.900       4.900
      136      26.994    7113.062    7113.036       1.000  233691.300     707.900     861.900   15359.900       5.900
      137      26.993    7113.362    7113.340       1.000  233615.300     705.900     851.900   15599.900       5.900
      138      26.991    7113.663    7113.646       1.000  233433.300     705.900     845.900   15728.900       5.900
      139      26.990    7113.963    7113.950       1.000  233363.300     706.900     840.900   15776.900       4.900
      140      26.989    7114.264    7114.254       1.000  233345.300     705.900     836.900   15785.900       5.900
      141      26.987    7114.564    7114.560       1.000  233285.300     705.900     831.900   15782.900       5.900
      142      26.986    7114.865    7114.864       1.000  233568.300     711.900     837.900   15686.900       6.900
      143      26.985    7115.166    7115.168       1.000  233097.300     710.900     828.900   15221.900       5.900
      144      26.984    7115.466    7115.474       1.000  233239.300     709.900     826.900   14887.900       5.900
      145      26.983    7115.767    7115.778       1.000  233050.300     710.900     827.900   14570.900       5.900
      146      26.981    7116.067    7116.083       1.000  233074.300     710.900     825.900   14387.900       5.900
      147      26.980    7116.368    7116.389       1.000  232950.300     711.900     820.900   14331.900       5.900
      148      26.979    7116.669    7116.693       1.000  232882.300     712.900     820.900   14309.900       5.900
      149      26.978    7116.969    7116.998       1.000  232736.300     712.900     815.900   14446.900       4.900
      150      26.976    7117.270    7117.243       1.000  232612.300     709.900     809.900   14520.900       4.900
      151      26.975    7117.570    7117.548       1.000  232428.300     707.900     804.900   14709.900       6.900
      152      26.974    7117.871    7117.853       1.000  232005.300     706.900     795.900   14928.900       5.900
      153      26.973    7118.172    7118.158       1.000  231841.300     706.900     791.900   15253.900       7.900
      154      26.972    7118.472    7118.463       1.000  231698.300     703.900     780.900   15554.900       8.900
      155      26.970    7118.773    7118.769       1.000  232037.300     704.900     774.900   15958.900       6.900
      156      26.969    7119.074    7119.074       1.000  232082.300     703.900     767.900   16442.900       7.900
      157      26.968    7119.374    7119.378       1.000  231558.300     699.900     756.900   17014.900       7.900
      158      26.966    7119.675    7119.684       1.000  231736.300     699.900     748.900   17740.900       7.900
      159      26.965    7119.976    7119.989       1.000  231618.300     698.900     739.900   18689.900       7.900
      160      26.964    7120.276    7120.294       1.000  231583.300     696.900     730.900   19797.900       6.900
      161      26.963    7120.577    7120.600       1.000  231731.300     695.900     726.900   21172.900       6.900
      162      26.962    7120.877    7120.905       1.000  231639.300     689.900     715.900   22877.900       6.900
      163      26.961    7121.178    7121.149       1.000  231287.300     688.900     710.900   24437.900       6.900
      164      26.959    7121.479    7121.455       1.000  230978.300     682.900     702.900   27141.900       5.900
      165      26.958    7121.779    7121.761       1.000  230450.300     676.900     693.900   29883.900      -1.100
      166      26.957    7122.080    7122.066       1.000  230068.300     668.900     683.900   33410.900      -1.100
      167      26.955    7122.380    7122.372       1.000  230200.300     664.900     681.900   37200.900      -1.100
      168      26.954    7122.681    7122.677       1.000  230256.300     655.900     677.900   41731.900      -2.100
      169      26.953    7122.981    7122.983       1.000  229987.300     645.900     665.900   46906.900       5.900
      170      26.952    7123.282    7123.289       1.000  230027.300     635.900     659.900   52103.900       5.900
      171      26.951    7123.583    7123.594       1.000  229906.300     622.900     651.900   57834.900       5.900
      172      26.949    7123.883    7123.900       1.000  230578.300     613.900     647.900   64331.900       5.900
      173      26.948    7124.184    7124.206       1.000  230594.300     602.900     644.900   71848.900      -1.100
      174      26.947    7124.485    7124.511       1.000  230313.300     591.900     637.900   78646.900      -1.100
      175      26.946    7124.785    7124.756       1.000  230209.300     582.900     634.900   84140.900      -2.100
      176      26.944    7125.086    7125.062       1.000  230369.300     570.900     634.900   93246.900      -2.100
      177      26.943    7125.387    7125.367       1.000  229955.300     555.900     621.900  101632.900      -1.100
      178      26.942    7125.687    7125.674       1.000  229217.300     541.900     614.900  109503.900      -1.100
      179      26.941    7125.988    7125.979       1.000  228934.300     527.900     607.900  118898.900      -0.100
      180      26.940    7126.289    7126.285       1.000  228996.300     518.900     604.900  127539.900      -1.100
      181      26.938    7126.589    7126.591       1.000  228789.300     505.900     597.900  136963.900      -1.100
      182      26.937    7126.890    7126.897       1.000  228651.300     490.900     591.900  147170.900      -1.100
      183      26.936    7127.190    7127.204       1.000  228432.300     481.900     591.900  156469.900       5.900
      184      26.934    7127.491    7127.509       1.000  228920.300     472.900     588.900  166172.900       5.900
      185      26.933    7127.792    7127.815       1.000  229187.300     458.900     580.900  176446.900       6.900
      186      26.932    7128.092    7128.122       1.000  228784.300     447.900     574.900  185582.900      -2.100
      187      26.931    7128.393    7128.366       1.000  228726.300     439.900     572.900  192718.900      -2.100
      188      26.930    7128.693    7128.672       1.000  228883.300     435.900     572.900  201990.900      -1.100
      189      26.928    7128.994    7128.979       1.000  228510.300     427.900     565.900  210448.900      -2.100
      190      26.927    7129.294    7129.285       1.000  228488.300     418.900     564.900  217625.900      -2.100
      191      26.926    7129.595    7129.591       1.000  227799.300     410.900     561.900  224048.900      -2.100
      192      26.925    7129.896    7129.897       1.000  227399.300     402.900     554.900  230492.900      -1.100
      193      26.924    7130.196    7130.204       1.000  227432.300     400.900     556.900  236048.900      -2.100
      194      26.922    7130.497    7130.510       1.000  227277.300     397.900     553.900  241181.900      -2.100
      195      26.921    7130.797    7130.816       1.000  227144.300     392.900     549.900  245934.900       5.900
      196      26.920    7131.098    7131.123       1.000  227055.300     390.900     547.900  249349.900       5.900
      197      26.919    7131.399    7131.429       1.000  227247.300     390.900     546.900  252653.900       6.900
      198      26.917    7131.699    7131.674       1.000  227839.300     387.900     548.900  255364.900       6.900
      199      26.916    7132.000    7131.980       1.000  227797.300     387.900     552.900  256914.900      -1.100
      200      26.913    7132.882    7132.900       2.000  454139.600     769.800    1091.800  513042.800      -3.200
      201      26.909    7133.784    7133.759       2.000  454425.600     767.800    1094.800  507124.800       2.800
      202      26.905    7134.705    7134.679       2.000  452504.600     780.800    1100.800  497284.800      11.800
      203      26.901    7135.644    7135.660       2.000  451705.600     780.800    1099.800  489955.800      11.800
      204      26.897    7136.603    7136.582       2.000  451178.600     794.800    1110.800  484297.800      38.800
      205      26.893    7137.581    7137.563       2.000  450446.600     796.800    1113.800  475988.800      39.800
      206      26.889    7138.577    7138.607       2.000  451455.600     811.800    1114.800  465733.800      40.800
      207      26.885    7139.593    7139.590       2.000  449760.600     815.800    1103.800  449161.800      41.800
      208      26.881    7140.628    7140.635       2.000  449603.600     831.800    1107.800  431384.800      41.800
      209      26.877    7141.682    7141.680       2.000  449205.600     847.800    1112.800  413246.800      41.800
      210      26.872    7142.755    7142.726       2.000  448377.600     866.800    1121.800  396521.800      41.800
      211      26.868    7143.847    7143.833       2.000  447367.600     898.800    1140.800  381519.800      37.800
      212      26.864    7144.958    7144.940       2.000  447649.600     909.800    1144.800  369465.800      23.800
      213      26.859    7146.088    7146.110       2.000  447678.600     915.800    1138.800  358667.800      22.800
      214      26.854    7147.237    7147.219       2.000  446750.600     928.800    1138.800  349150.800      33.800
      215      26.850    7148.405    7148.389       2.000  446130.600     933.800    1126.800  340191.800      38.800
      216      26.844    7149.593    7149.622       2.000  446012.600     946.800    1130.800  331829.800      33.800
      217      26.840    7150.799    7150.793       2.000  444730.600     961.800    1129.800  323202.800      40.800
      218      26.835    7152.024    7152.027       2.000  442800.600     954.800    1114.800  313608.800      25.800
      219      26.830    7153.269    7153.261       2.000  442406.600     976.800    1129.800  305035.800      37.800
      220      26.824    7154.532    7154.557       2.000  441352.600     988.800    1134.800  295380.800      38.800
      221      26.819    7155.814    7155.792       2.000  442497.600     986.800    1128.800  287750.800      40.800
      222      26.814    7157.116    7157.089       2.000  441543.600    1012.800    1144.800  279603.800      40.800
      223      26.809    7158.437    7158.449       2.000  440848.600     989.800    1114.800  273405.800      26.800
      224      26.803    7159.776    7159.747       2.000  440263.600    1027.800    1147.800  270011.800      32.800
      225      26.798    7161.135    7161.107       2.000  438773.600    1012.800    1132.800  269043.800      40.800
      226      26.792    7162.513    7162.531       2.000  436720.600     997.800    1113.800  270246.800      40.800
      227      26.787    7163.910    7163.893       2.000  436182.600    1017.800    1141.800  274899.800      38.800
      228      26.781    7165.326    7165.317       2.000  434892.600     996.800    1123.800  280817.800      39.800
      229      26.775    7166.760    7166.742       2.000  435711.600     991.800    1127.800  289345.800      39.800
      230      26.769    7168.214    7168.229       2.000  435289.600     971.800    1117.800  298137.800      37.800
      231      26.763    7169.688    7169.718       2.000  434109.600     971.800    1125.800  306954.800      26.800
      232      26.757    7171.180    7171.207       2.000  433151.600     939.800    1103.800  316177.800      28.800
      233      26.751    7172.690    7172.697       2.000  431637.600     903.800    1076.800  324417.800      40.800
      234      26.745    7174.221    7174.249       2.000  430857.600     915.800    1096.800  333613.800      40.800
      235      26.739    7175.770    7175.741       2.000  430296.600     912.800    1094.800  341132.800      39.800
      236      26.733    7177.338    7177.357       2.000  429756.600     899.800    1085.800  345534.800      38.800
      237      26.726    7178.925    7178.912       2.000  428772.600     897.800    1086.800  347096.800      36.800
      238      26.720    7180.532    7180.530       2.000  427893.600     896.800    1087.800  348992.800      37.800
      239      26.713    7182.157    7182.149       2.000  427876.600     858.800    1050.800  351109.800      40.800
      240      26.706    7183.802    7183.831       2.000  425200.600     862.800    1047.800  349948.800      38.800
      241      26.700    7185.465    7185.450       2.000  424367.600     843.800    1025.800  350472.800      39.800
      242      26.693    7187.148    7187.134       2.000  423050.600     836.800    1016.800  350401.800      39.800
      243      26.687    7188.850    7188.819       2.000  422907.600     819.800    1000.800  351644.800      42.800
      244      26.680    7190.570    7190.566       2.000  422760.600     813.800     991.800  352473.800      42.800
      245      26.673    7192.310    7192.315       2.000  421760.600     798.800     972.800  352812.800      42.800
      246      26.666    7194.068    7194.064       2.000  420949.600     816.800     985.800  352093.800      43.800
      247      26.659    7195.846    7195.815       2.004  420337.386     807.507     977.214  350970.507      33.987
      248      26.651    7197.643    7197.629       2.025  422878.787     809.474     976.588  351767.474      17.130
      249      26.644    7199.459    7199.445       2.046  426272.188     794.441     959.962  352741.441      18.272
      250      26.636    7201.294    7201.324       2.068  429847.512     804.328     978.238  352760.328      18.301
      251      26.629    7203.148    7203.141       2.089  435339.913     821.295     995.612  353814.295      14.443
      252      26.622    7205.021    7205.022       2.111  438089.238     845.182    1021.887  351814.182       2.473
      253      26.614    7206.913    7206.905       2.132  441588.639     873.149    1044.261  350394.149      15.615
      254      26.607    7208.824    7208.850       2.153  444868.963     862.036    1025.537  348136.036      18.644
      255      26.599    7210.754    7210.734       2.175  447150.364     865.003    1022.911  345715.003      19.786
      256      26.591    7212.704    7212.684       2.196  449496.689     875.890    1017.186  343862.890      19.816
      257      26.583    7214.672    7214.696       2.217  452720.089     881.857    1011.560  343212.857      20.958
      258      26.576    7216.660    7216.646       2.239  457660.414     903.743    1020.836  344695.743      18.987
      259      26.567    7218.666    7218.662       2.260  460122.815     891.711    1003.210  345150.711      20.129
      260      26.559    7220.691    7220.678       2.281  463533.140     910.597    1013.485  347239.597      21.159
      261      26.551    7222.736    7222.759       2.303  466336.540     922.565    1021.860  349168.565      20.301
      262      26.543    7224.799    7224.778       2.324  470084.865     930.451    1042.135  352554.451      20.330
      263      26.535    7226.882    7226.860       2.345  471501.266     908.419    1029.509  354305.419       2.472
      264      26.527    7228.984    7229.008       2.367  475272.591     915.305    1046.784  358194.305      15.502
      265      26.518    7231.104    7231.095       2.388  477551.991     920.272    1058.159  361250.272      22.644
      266      26.510    7233.244    7233.245       2.410  481026.316     930.159    1074.434  365343.159      25.673
      267      26.501    7235.403    7235.397       2.431  484307.717     943.126    1094.808  369586.126       5.815
      268      26.493    7237.581    7237.551       2.452  487471.042     951.013    1100.083  373913.013       8.845
      269      26.484    7239.778    7239.770       2.474  489959.442     956.980    1109.458  377701.980      22.987
      270      26.475    7241.994    7241.989       2.495  492459.767     964.867    1121.733  381467.867      28.016
      271      26.466    7244.229    7244.210       2.516  495925.168     972.834    1123.107  386022.834      27.159
      272      26.458    7246.483    7246.497       2.538  498396.568     995.801    1136.482  390197.801      25.301
      273      26.448    7248.756    7248.785       2.559  500887.893     997.688    1140.757  393993.688      23.330
      274      26.440    7251.048    7251.075       2.580  503618.294    1001.655    1146.131  398248.655      23.472
      275      26.431    7253.359    7253.366       2.602  504756.619     992.542    1141.406  401095.542       4.502
      276      26.421    7255.689    7255.659       2.623  506617.019    1002.509    1151.781  404808.509       3.644
      277      26.412    7258.039    7258.017       2.645  510235.344    1023.396    1169.056  409762.396       7.673
      278      26.403    7260.407    7260.377       2.666  513073.745    1040.363    1184.430  414076.363      14.815
      279      26.393    7262.795    7262.803       2.687  503709.070    1038.250    1181.705  408167.250      29.845
      280      26.384    7265.201    7265.230       2.708  504075.470    1047.217    1190.080  410453.217      28.987
      281      26.375    7267.626    7267.596       2.730  529150.795    1069.103    1192.355  431715.103      29.016
      282      26.365    7270.071    7270.091       2.751  527464.196    1071.071    1191.729  431228.071      22.158
      283      26.355    7272.535    7272.524       2.773  528660.520    1052.957    1164.004  432552.957      30.188
      284      26.346    7275.018    7275.022       2.794  529863.921    1061.925    1170.379  433743.925      14.330
      285      26.336    7277.519    7277.523       2.815  533141.246    1070.811    1180.654  436353.811       5.359
      286      26.326    7280.040    7280.026       2.837  533902.647    1076.779    1184.028  436856.779      22.501
      287      26.316    7282.580    7282.596       2.858  535381.971    1095.665    1194.304  437113.665      29.531
      288      26.306    7285.139    7285.167       2.879  537175.372    1090.632    1188.678  437866.632      22.673
      289      26.296    7287.717    7287.740       2.901  540303.697    1102.519    1198.953  438879.519      31.702
      290      26.286    7290.313    7290.315       2.922  542430.098    1120.486    1210.327  439483.486      33.844
      291      26.276    7292.930    7292.957       2.944  545132.422    1123.373    1218.603  440322.373      30.874
      292      26.266    7295.564    7295.535       2.965  546303.823    1135.340    1238.977  439942.340      29.016
      293      26.256    7298.219    7298.246       2.986  547746.148    1129.227    1242.252  440247.227      26.045
      294      26.245    7300.892    7300.894       3.008  548512.548    1141.194    1247.626  439599.194      26.188
      295      26.235    7303.584    7303.608       3.029  551094.949    1157.161    1268.001  440523.161      21.330
      296      26.224    7306.295    7306.326       3.050  553065.274    1155.048    1265.276  441492.048      21.359
      297      26.214    7309.026    7309.045       3.072  555120.675    1182.015    1288.650  442348.015      30.501
      298      26.203    7311.775    7311.767       3.093  554981.999    1203.902    1305.926  441520.902      29.531
      299      26.192    7314.543    7314.556       3.114  558309.400    1224.869    1322.300  444293.869      30.673
      300      26.182    7317.331    7317.347       3.136  559564.725    1237.756    1324.575  444865.756      31.702
      301      26.171    7320.138    7320.141       3.157  561483.126    1245.723    1329.949  446371.723       9.844
      302      26.160    7322.963    7322.936       3.178  561613.450    1250.610    1335.225  446799.610      26.874
      303      26.149    7325.808    7325.800       3.200  562468.851    1258.577    1338.599  447681.577      16.016
      304      26.138    7328.671    7328.666       3.221  564307.176    1261.464    1346.874  450158.464      25.045
      305      26.127    7331.554    7331.534       3.242  567218.576    1289.431    1369.248  453078.431      29.187
      306      26.116    7334.456    7334.471       3.264  567217.901    1305.317    1381.524  453801.317      27.217
      307      26.105    7337.376    7337.344       3.285  566967.302    1318.285    1388.898  454567.285      28.359
      308      26.094    7340.316    7340.285       3.307  568299.627    1325.171    1393.173  456896.171      29.388
      309      26.082    7343.275    7343.295       3.328  570964.027    1352.139    1410.548  460003.139      27.530
      310      26.071    7346.253    7346.242       3.349  573029.352    1346.025    1397.823  462761.025      24.560
      311      26.059    7349.250    7349.257       3.371  573606.753    1342.993    1390.197  464464.993      25.702
      312      26.048    7352.267    7352.275       3.392  575124.078    1350.879    1397.472  466718.879      24.731
      313      26.037    7355.302    7355.295       3.413  577318.478    1360.846    1396.847  469539.846       0.873
      314      26.025    7358.356    7358.385       3.435  578209.803    1367.733    1402.122  471670.733      -2.097
      315      26.013    7361.429    7361.411       3.456  579260.204    1381.700    1402.496  473423.700      -1.955
      316      26.001    7364.521    7364.506       3.478  580295.529    1395.587    1413.771  475192.587       6.074
      317      25.990    7367.632    7367.604       3.499  580926.929    1400.554    1409.146  476505.554      26.217
      318      25.978    7370.763    7370.770       3.520  581627.254    1401.441    1414.421  477757.441      27.246
      319      25.966    7373.912    7373.940       3.542  583926.655    1404.408    1424.795  479983.408      30.388
      320      25.954    7377.081    7377.113       3.563  583846.055    1395.375    1418.170  480777.375      30.530
      321      25.942    7380.268    7380.289       3.584  584128.380    1391.262    1421.445  481018.262      30.560
      322      25.930    7383.475    7383.467       3.605  586543.781    1410.229    1451.819  483129.229      33.702
      323      25.917    7386.701    7386.716       3.627  586671.106    1407.116    1451.094  483612.116       6.731
      324      25.905    7389.945    7389.967       3.648  585686.506    1418.083    1464.469  482905.083      27.873
      325      25.893    7393.209    7393.222       3.670  587047.831    1422.970    1467.744  484010.970      36.903
      326      25.881    7396.492    7396.480       3.691  587784.232    1429.937    1468.118  484451.937      45.045
      327      25.868    7399.793    7399.808       3.712  588397.557    1430.824    1461.393  484873.824      45.074
      328      25.856    7403.114    7403.140       3.734  588346.957    1422.791    1450.768  484890.791      37.216
      329      25.843    7406.454    7406.474       3.755  589771.282    1424.677    1448.043  485704.677      22.246
      330      25.831    7409.813    7409.812       3.776  587578.683    1421.645    1442.417  483799.645      43.388
      331      25.818    7413.191    7413.219       3.798  587200.007    1436.531    1442.692  483405.531      42.417
      332      25.806    7416.588    7416.564       3.819  589600.408    1476.499    1476.067  485495.499      44.559
      333      25.793    7420.004    7419.979       3.841  590731.733    1489.385    1482.342  486447.385      42.589
      334      25.780    7423.439    7423.464       3.862  588250.134    1489.353    1480.716  484299.353      24.731
      335      25.767    7426.894    7426.886       3.883  588306.458    1465.239    1464.992  484776.239      38.760
      336      25.754    7430.367    7430.379       3.905  589876.859    1479.206    1486.366  485691.206      35.902
      337      25.741    7433.859    7433.876       3.926  589352.184    1479.093    1469.641  485549.093      27.932
      338      25.728    7437.371    7437.376       3.947  587761.585    1489.060    1478.015  484715.060      49.074
      339      25.715    7440.901    7440.880       3.969  588220.909    1490.947    1474.291  485299.947      27.103
      340      25.702    7444.451    7444.455       3.990  588222.310    1486.914    1466.665  485536.914      34.246
      341      25.688    7448.019    7448.034       4.011  589157.635    1493.801    1462.940  486883.801      44.275
      342      25.675    7451.607    7451.617       4.033  588543.035    1511.768    1484.314  487104.768      22.417
      343      25.662    7455.213    7455.203       4.054  588673.436    1521.735    1487.689  487902.735      40.559
      344      25.649    7458.839    7458.861       4.075  588316.761    1524.622    1493.964  488413.622      42.589
      345      25.635    7462.484    7462.455       4.097  587157.162    1521.589    1492.338  488073.589      46.731
      346      25.622    7466.147    7466.122       4.118  586772.486    1542.476    1512.614  488487.476      44.760
      347      25.608    7469.831    7469.859       4.139  586724.887    1542.443    1517.988  489013.443      41.902
      348      25.594    7473.532    7473.534       4.161  585170.212    1535.330    1520.263  488824.330      41.932
      349      25.581    7477.253    7477.280       4.182  583436.612    1555.297    1537.637  487952.297      50.074
      350      25.567    7480.993    7480.963       4.204  584740.937    1572.184    1540.913  489784.184      47.103
      351      25.553    7484.752    7484.786       4.225  584359.338    1587.151    1558.287  490162.151      48.245
      352      25.539    7488.530    7488.544       4.246  584057.663    1590.037    1549.562  490556.037      49.275
      353      25.526    7492.327    7492.308       4.268  583340.063    1619.005    1580.936  490330.005      40.417
      354      25.512    7496.144    7496.144       4.289  580869.388    1632.891    1582.212  489380.891      49.446
      355      25.498    7499.979    7499.984       4.310  580735.789    1612.859    1574.586  489629.859      50.588
      356      25.484    7503.833    7503.829       4.332  579300.114    1649.745    1611.861  488733.745      36.618
      357      25.470    7507.707    7507.678       4.353  580080.514    1676.713    1628.236  490472.713      16.760
      358      25.455    7511.599    7511.601       4.375  580957.839    1682.599    1639.511  491567.599      39.789
      359      25.441    7515.510    7515.527       4.396  580359.240    1704.567    1650.885  491401.567      45.931
      360      25.427    7519.440    7519.458       4.417  578620.565    1715.453    1660.160  490452.453      33.961
      361      25.413    7523.390    7523.395       4.438  577736.965    1723.420    1659.535  489935.420      13.103
      362      25.399    7527.359    7527.335       4.460  577621.290    1737.307    1664.810  490182.307      23.132
      363      25.384    7531.346    7531.350       4.481  577267.691    1676.274    1610.184  490040.274      30.275
      364      25.369    7535.353    7535.370       4.503  575045.016    1722.161    1648.459  488559.161       8.304
      365      25.355    7539.379    7539.393       4.524  574739.416    1769.128    1678.834  488924.128      32.446
      366      25.340    7543.423    7543.422       4.545  572918.817    1741.096    1648.208  487618.096      50.588
      367      25.326    7547.487    7547.456       4.567  571450.142    1781.982    1697.483  486871.982      53.618
      368      25.311    7551.570    7551.564       4.588  571090.542    1703.949    1620.858  486836.949      63.760
      369      25.296    7555.672    7555.677       4.609  568216.867    1728.836    1633.133  485062.836      49.789
      370      25.282    7559.793    7559.795       4.631  567312.268    1777.803    1671.507  484453.803      33.931
      371      25.267    7563.933    7563.918       4.652  565489.593    1851.690    1732.782  483400.690      51.961
      372      25.252    7568.092    7568.116       4.673  566500.993    1771.657    1648.157  484480.657      51.103
      373      25.237    7572.271    7572.250       4.695  563326.318    1818.544    1709.432  482142.544      47.132
      374      25.222    7576.468    7576.458       4.716  561805.719    1797.511    1679.806  481198.511      47.274
      375      25.207    7580.684    7580.671       4.738  561138.044    1861.398    1750.081  481064.398      37.304
      376      25.192    7584.919    7584.890       4.759  560226.444    1853.365    1753.456  481102.365      22.446
      377      25.177    7589.173    7589.185       4.780  557471.769    1889.251    1785.731  479203.251      37.475
      378      25.162    7593.447    7593.414       4.802  555252.170    1922.219    1821.105  477209.219      38.617
      379      25.147    7597.739    7597.719       4.823  555201.494    1868.105    1759.380  478024.105      39.647
      380      25.132    7602.051    7602.029       4.844  551942.895    1721.073    1629.755  476062.073      39.789
      381      25.116    7606.381    7606.417       4.866  549246.220    1788.959    1697.030  474141.959      49.818
      382      25.101    7610.730    7610.738       4.887  546469.621    1879.927    1784.404  472545.927      37.960
      383      25.086    7615.099    7615.065       4.908  544719.945    1816.813    1709.680  471859.813      39.990
      384      25.070    7619.487    7619.468       4.930  540537.346    1947.780    1843.054  468822.780      10.132
      385      25.055    7623.894    7623.877       4.951  515701.671    1807.667    1739.329  447846.667       5.161
      386      25.039    7628.319    7628.292       4.972  556194.071    2103.634    1938.703  483611.634      16.304
      387      25.023    7632.764    7632.784       4.994  547481.396    2031.521    1893.979  476475.521      29.333
      388      25.008    7637.228    7637.211       5.000  543015.500    2033.500    1901.500  473412.500      56.500
      389      24.992    7641.711    7641.714       5.000  537869.500    2146.500    2002.500  469776.500      51.500
      390      24.976    7646.213    7646.224       5.000  533173.500    2278.500    2111.500  466277.500      14.500
      391      24.961    7650.734    7650.739       5.000  528719.500    2317.500    2144.500  462589.500      27.500
      392      24.945    7655.274    7655.260       5.000  523607.500    2274.500    2109.500  458837.500      32.500
      393      24.929    7659.833    7659.860       5.000  519878.500    2383.500    2203.500  456308.500       9.500
      394      24.913    7664.412    7664.393       5.000  515602.500    2418.500    2240.500  453149.500      -3.500
      395      24.897    7669.009    7669.004       5.000  510287.500    2403.500    2203.500  449035.500      13.500
      396      24.881    7673.625    7673.621       5.000  507825.500    2325.500    2146.500  447445.500      33.500
      397      24.865    7678.260    7678.245       5.000  505279.500    2434.500    2244.500  445618.500      15.500
      398      24.849    7682.915    7682.947       5.000  500238.500    2529.500    2317.500  441593.500     -10.500
      399      24.833    7687.588    7687.583       5.000  495757.500    2534.500    2331.500  438101.500      -5.500
      400      24.816    7692.281    7692.298       5.000  491638.500    2517.500    2305.500  435139.500      10.500
      401      24.800    7696.992    7697.020       5.000  486814.500    2573.500    2364.500  431250.500      22.500
      402      24.784    7701.723    7701.746       5.000  484126.500    2600.500    2378.500  429012.500      21.500
      403      24.768    7706.472    7706.480       5.000  480124.500    2649.500    2427.500  425998.500      21.500
      404      24.751    7711.241    7711.221       5.000  477366.500    2645.500    2421.500  424050.500      82.500
      405      24.735    7716.029    7716.041       5.000  472955.500    2662.500    2441.500  420505.500      58.500
      406      24.719    7720.835    7720.868       5.000  468478.500    2647.500    2433.500  417109.500      59.500
      407      24.702    7725.662    7725.628       5.000  464887.500    2660.500    2445.500  414437.500      86.500
      408      24.685    7730.506    7730.542       5.000  460687.500    2683.500    2459.500  411175.500      66.500
      409      24.669    7735.370    7735.388       5.000  457048.500    2688.500    2459.500  408276.500      80.500
      410      24.653    7740.253    7740.242       5.000  453099.500    2608.500    2386.500  405139.500      87.500
      411      24.636    7745.155    7745.176       5.000  448872.500    2727.500    2492.500  401951.500      82.500
      412      24.619    7750.076    7750.043       5.000  445755.500    2732.500    2500.500  399548.500      78.500
      413      24.603    7755.017    7754.991       5.000  441745.500    2738.500    2512.500  396346.500      69.500
      414      24.586    7759.976    7759.945       5.000  437202.500    2731.500    2507.500  392745.500      83.500
      415      24.569    7764.954    7764.981       5.000  433676.500    2733.500    2507.500  390430.500      88.500
      416      24.552    7769.951    7769.950       5.000  431418.500    2748.500    2508.500  388955.500      87.500
      417      24.535    7774.967    7775.000       5.000  426709.500    2753.500    2516.500  385147.500      83.500
      418      24.518    7780.003    7779.984       5.000  421742.500    2757.500    2514.500  381335.500      87.500
      419      24.501    7785.057    7785.048       5.000  419659.500    2764.500    2514.500  380126.500      90.500
      420      24.484    7790.131    7790.120       5.000  415712.500    2762.500    2525.500  377105.500      81.500
      421      24.467    7795.223    7795.199       5.000  413588.500    2785.500    2529.500  375850.500      94.500
      422      24.450    7800.335    7800.360       5.000  409570.500    2790.500    2526.500  372559.500      82.500
      423      24.433    7805.465    7805.455       5.000  405592.500    2771.500    2519.500  369504.500      65.500
      424      24.416    7810.615    7810.631       5.000  402369.500    2776.500    2527.500  367202.500      47.500
      425      24.399    7815.784    7815.815       5.000  398413.500    2783.500    2519.500  364179.500      45.500
      426      24.381    7820.972    7821.007       5.000  394902.500    2791.500    2529.500  361466.500      46.500
      427      24.364    7826.179    7826.206       5.000  391705.500    2797.500    2522.500  359142.500      62.500
      428      24.347    7831.404    7831.413       5.000  387771.500    2801.500    2523.500  355816.500      79.500
      429      24.330    7836.649    7836.627       5.000  384236.500    2802.500    2536.500  353115.500      82.500
      430      24.312    7841.914    7841.925       5.000  381273.500    2811.500    2535.500  351319.500      82.500
      431      24.295    7847.196    7847.230       5.000  377601.500    2827.500    2534.500  348380.500      78.500
      432      24.277    7852.499    7852.468       5.000  374728.500    2810.500    2527.500  346174.500      44.500
      433      24.260    7857.819    7857.790       5.000  373153.500    2785.500    2516.500  345505.500      43.500
      434      24.242    7863.160    7863.196       5.000  368466.500    2767.500    2498.500  341556.500      47.500
      435      24.225    7868.519    7868.533       5.000  364871.500    2757.500    2492.500  338389.500      52.500
      436      24.207    7873.897    7873.879       5.000  362921.500    2762.500    2507.500  337140.500      80.500
      437      24.189    7879.294    7879.308       5.000  358961.500    2766.500    2506.500  333972.500      53.500
      438      24.171    7884.711    7884.748       5.000  356012.500    2770.500    2516.500  331997.500      80.500
      439      24.154    7890.146    7890.117       5.000  352468.500    2765.500    2523.500  329340.500      80.500
      440      24.136    7895.601    7895.572       5.000  349511.500    2775.500    2525.500  326889.500      83.500
      441      24.118    7901.075    7901.112       5.000  346402.500    2777.500    2521.500  324358.500      78.500
      442      24.101    7906.567    7906.583       5.000  343826.500    2786.500    2535.500  322728.500      85.500
      443      24.083    7912.079    7912.063       5.000  341189.500    2783.500    2538.500  320493.500      61.500
      444      24.065    7917.609    7917.628       5.000  337675.500    2786.500    2537.500  317652.500      81.500
      445      24.047    7923.159    7923.125       5.000  335696.500    2799.500    2540.500  316416.500      70.500
      446      24.029    7928.728    7928.708       5.000  331703.500    2800.500    2533.500  313164.500      14.500
      447      24.011    7934.315    7934.300       5.000  327829.500    2797.500    2531.500  309926.500      12.500
      448      23.993    7939.922    7939.899       5.000  325173.500    2810.500    2540.500  307902.500       9.500
      449      23.975    7945.548    7945.586       5.000  322770.500    2813.500    2549.500  306094.500     -20.500
      450      23.957    7951.193    7951.204       5.000  320350.500    2820.500    2557.500  304482.500     -26.500
      451      23.939    7956.857    7956.831       5.000  316737.500    2822.500    2541.500  301503.500     -24.500
      452      23.920    7962.541    7962.544       5.000  313624.500    2815.500    2547.500  299290.500      -9.500
      453      23.902    7968.243    7968.266       5.000  311674.500    2820.500    2555.500  297626.500     -15.500
      454      23.884    7973.964    7973.997       5.000  307937.500    2822.500    2551.500  294757.500       8.500
      455      23.866    7979.704    7979.738       5.000  305561.500    2827.500    2555.500  292944.500     -10.500
      456      23.847    7985.463    7985.488       5.000  302595.500    2828.500    2556.500  290635.500       9.500
      457      23.829    7991.242    7991.246       5.000  301304.500    2842.500    2562.500  289834.500      11.500
      458      23.811    7997.039    7997.014       5.000  298742.500    2851.500    2571.500  288025.500      11.500
      459      23.792    8002.855    8002.871       5.000  295233.500    2855.500    2575.500  285085.500     -18.500
      460      23.774    8008.691    8008.656       5.000  292643.500    2853.500    2571.500  282821.500     -32.500
      461      23.756    8014.546    8014.531       5.000  290763.500    2869.500    2588.500  281783.500     -31.500
      462      23.737    8020.419    8020.416       5.000  288746.500    2876.500    2596.500  280266.500     -27.500
      463      23.719    8026.312    8026.310       5.000  285919.500    2874.500    2601.500  277891.500      13.500
      464      23.700    8032.224    8032.212       5.000  283322.500    2894.500    2605.500  275830.500       4.500
      465      23.682    8038.154    8038.126       5.000  280456.500    2896.500    2605.500  273777.500       9.500
      466      23.663    8044.104    8044.128       5.000  277340.500    2892.500    2613.500  270975.500       4.500
      467      23.645    8050.073    8050.060       5.000  274958.500    2897.500    2624.500  269189.500     -15.500
      468      23.626    8056.061    8056.083       5.000  272114.500    2895.500    2639.500  266878.500     -28.500
      469      23.607    8062.068    8062.034       5.000  269951.500    2907.500    2650.500  265191.500      -5.500
      470      23.588    8068.094    8068.076       5.000  267761.500    2911.500    2651.500  263357.500       8.500
      471      23.570    8074.139    8074.127       5.000  266832.500    2937.500    2673.500  262866.500      21.500
      472      23.551    8080.203    8080.188       5.000  264250.500    2956.500    2682.500  260984.500     -19.500
      473      23.532    8086.286    8086.261       5.000  261818.500    2950.500    2688.500  258847.500      -1.500
      474      23.513    8092.388    8092.423       5.000  260651.500    2968.500    2703.500  258172.500     -17.500
      475      23.494    8098.509    8098.515       5.000  257264.500    2971.500    2704.500  255299.500      10.500
      476      23.476    8104.650    8104.617       5.000  256069.500    2985.500    2713.500  254567.500      -0.500
      477      23.457    8110.809    8110.810       5.000  253575.500    2982.500    2715.500  252448.500      18.500
      478      23.438    8116.987    8117.014       5.000  251653.500    2989.500    2714.500  250763.500      17.500
      479      23.419    8123.185    8123.146       5.000  249179.500    2993.500    2727.500  248793.500     -13.500
