#  NPTS  NS CUEDGE  CUHITE   DSPACE  STPDEG  STEPMM  START    STOP     SCALE
#   503   3  50886. 200000. 3.13556   4000.   3150. 216689. 161000.    2.000
#   DELTA:   1344.    115.    100.    186.     76.
#  DELEND: 212657. 200610. 190603. 178414. 159995.
#     SEC:   2.000   2.000   2.000   2.000   2.000
#  OFFSET: 1188.  418. 5909.    0.    0. 2855.    0.    0.    0.    0.    0.    0.
#  MO L EDGES                                                      11  10  3-23-82
# -----------------------
# energy  i0  it  if  ir
 2.43851E+03 1.64732E+04 3.60001E+00 2.67500E+02
 2.44892E+03 2.17357E+04 1.01000E+01 2.19500E+02
 2.45951E+03 2.77337E+04 2.60001E+00 4.22500E+02
 2.47027E+03 3.48882E+04 5.10001E+00 4.09500E+02
 2.47120E+03 3.55762E+04 4.10001E+00 4.68500E+02
 2.47213E+03 3.63537E+04 8.10001E+00 5.59000E+02
 2.47306E+03 3.70997E+04 9.10001E+00 4.29500E+02
 2.47399E+03 3.79207E+04 5.10001E+00 4.76000E+02
 2.47493E+03 3.87247E+04 6.60001E+00 5.33500E+02
 2.47586E+03 3.95282E+04 5.10001E+00 4.88000E+02
 2.47680E+03 4.04067E+04 5.60001E+00 5.14000E+02
 2.47774E+03 4.11867E+04 5.10001E+00 5.57000E+02
 2.47868E+03 4.20007E+04 1.16000E+01 5.63000E+02
 2.47962E+03 4.26357E+04 6.10001E+00 6.33000E+02
 2.48056E+03 4.30267E+04 5.60001E+00 6.21000E+02
 2.48150E+03 4.32127E+04 3.60001E+00 6.64000E+02
 2.48245E+03 4.42267E+04 7.60001E+00 7.58500E+02
 2.48340E+03 4.59102E+04 6.60001E+00 7.18500E+02
 2.48434E+03 4.69577E+04 3.10001E+00 8.09000E+02
 2.48529E+03 4.79367E+04 9.10001E+00 7.65000E+02
 2.48624E+03 4.87432E+04 9.10001E+00 8.65500E+02
 2.48720E+03 4.97422E+04 8.60001E+00 7.80500E+02
 2.48815E+03 5.06777E+04 4.60001E+00 9.28500E+02
 2.48910E+03 5.14522E+04 7.60001E+00 8.23000E+02
 2.49006E+03 5.24537E+04 5.10001E+00 9.03500E+02
 2.49102E+03 5.35302E+04 7.60001E+00 9.35500E+02
 2.49198E+03 5.45512E+04 6.60001E+00 1.01600E+03
 2.49294E+03 5.55802E+04 8.10001E+00 1.01400E+03
 2.49390E+03 5.66512E+04 8.10001E+00 1.20500E+03
 2.49486E+03 5.76897E+04 7.10001E+00 1.17400E+03
 2.49582E+03 5.86337E+04 1.11000E+01 1.25100E+03
 2.49679E+03 5.96647E+04 1.21000E+01 1.22650E+03
 2.49776E+03 6.06522E+04 6.60001E+00 1.50050E+03
 2.49872E+03 6.17007E+04 8.60001E+00 1.27100E+03
 2.49969E+03 6.26537E+04 7.60001E+00 1.34750E+03
 2.50067E+03 6.37077E+04 8.10001E+00 1.53300E+03
 2.50164E+03 6.48902E+04 1.41000E+01 1.48150E+03
 2.50261E+03 6.57917E+04 7.60001E+00 1.71650E+03
 2.50359E+03 6.71042E+04 7.60001E+00 1.78100E+03
 2.50456E+03 6.82037E+04 6.10001E+00 1.83950E+03
 2.50554E+03 6.94527E+04 6.60001E+00 2.15300E+03
 2.50652E+03 7.07262E+04 3.10001E+00 2.32500E+03
 2.50750E+03 7.18877E+04 1.60001E+00 2.51100E+03
 2.50848E+03 7.30912E+04 2.60001E+00 3.00500E+03
 2.50947E+03 7.43697E+04 4.60001E+00 3.29400E+03
 2.51045E+03 7.56802E+04 2.60001E+00 3.54850E+03
 2.51144E+03 7.69607E+04 6.10001E+00 4.15850E+03
 2.51243E+03 7.79637E+04 7.10001E+00 4.57850E+03
 2.51342E+03 7.94852E+04 4.10001E+00 5.58600E+03
 2.51441E+03 8.07057E+04 2.10001E+00 6.71900E+03
 2.51540E+03 8.19202E+04 8.10001E+00 7.98100E+03
 2.51639E+03 8.33297E+04 4.60001E+00 1.02255E+04
 2.51739E+03 8.44752E+04 4.10001E+00 1.32850E+04
 2.51838E+03 8.56697E+04 4.60001E+00 1.80715E+04
 2.51938E+03 8.69382E+04 7.60001E+00 2.54465E+04
 2.52038E+03 8.83972E+04 8.10001E+00 3.60655E+04
 2.52138E+03 8.95612E+04 4.10001E+00 4.45065E+04
 2.52238E+03 9.08217E+04 6.60001E+00 4.85185E+04
 2.52339E+03 9.20047E+04 5.10001E+00 4.84655E+04
 2.52439E+03 9.33152E+04 9.60001E+00 4.68640E+04
 2.52540E+03 9.47532E+04 7.10001E+00 4.40115E+04
 2.52641E+03 9.58057E+04 8.10001E+00 4.13090E+04
 2.52742E+03 9.44542E+04 5.10001E+00 3.89250E+04
 2.52843E+03 9.83882E+04 6.10001E+00 3.82625E+04
 2.52944E+03 9.98602E+04 7.10001E+00 3.78655E+04
 2.53045E+03 1.01318E+05 1.26000E+01 3.89055E+04
 2.53147E+03 1.02897E+05 8.60001E+00 4.09135E+04
 2.53248E+03 1.04761E+05 5.60001E+00 4.30785E+04
 2.53350E+03 1.06530E+05 7.60001E+00 4.38335E+04
 2.53452E+03 1.07838E+05 6.10001E+00 4.38480E+04
 2.53554E+03 1.09378E+05 9.60001E+00 4.41320E+04
 2.53656E+03 1.11098E+05 9.10001E+00 4.38285E+04
 2.53759E+03 1.12674E+05 9.10001E+00 4.41085E+04
 2.53861E+03 1.14234E+05 5.10001E+00 4.46555E+04
 2.53964E+03 1.15762E+05 7.60001E+00 4.47480E+04
 2.54067E+03 1.17696E+05 1.26000E+01 4.48830E+04
 2.54170E+03 1.19506E+05 6.60001E+00 4.50860E+04
 2.54273E+03 1.21058E+05 3.60001E+00 4.46245E+04
 2.54376E+03 1.23343E+05 6.10001E+00 4.51745E+04
 2.54479E+03 1.22233E+05 7.10001E+00 4.50035E+04
 2.54583E+03 1.24207E+05 1.10001E+00 4.57175E+04
 2.54687E+03 1.26362E+05 1.60001E+00 4.67640E+04
 2.54791E+03 1.27881E+05 2.60001E+00 4.72120E+04
 2.54895E+03 1.29557E+05 9.60001E+00 4.82815E+04
 2.54999E+03 1.31334E+05 8.60001E+00 4.94120E+04
 2.55103E+03 1.33380E+05 9.10001E+00 4.99365E+04
 2.55207E+03 1.35304E+05 7.60001E+00 5.08310E+04
 2.55312E+03 1.37502E+05 7.10001E+00 5.14455E+04
 2.55417E+03 1.39459E+05 6.10001E+00 5.18345E+04
 2.55522E+03 1.41940E+05 8.10001E+00 5.33560E+04
 2.55627E+03 1.45029E+05 5.60001E+00 5.45035E+04
 2.55732E+03 1.43849E+05 5.60001E+00 5.43585E+04
 2.55837E+03 1.46343E+05 5.10001E+00 5.52035E+04
 2.55943E+03 1.48460E+05 4.60001E+00 5.59280E+04
 2.56048E+03 1.49640E+05 3.10001E+00 5.67660E+04
 2.56154E+03 1.51146E+05 7.10001E+00 5.69740E+04
 2.56260E+03 1.53342E+05 8.10001E+00 5.72895E+04
 2.56366E+03 1.55514E+05 6.60001E+00 5.79865E+04
 2.56473E+03 1.57788E+05 7.10001E+00 5.85835E+04
 2.56579E+03 1.60044E+05 3.10001E+00 5.99570E+04
 2.56686E+03 1.62294E+05 8.10001E+00 6.15335E+04
 2.56792E+03 1.64345E+05 8.10001E+00 6.29800E+04
 2.56899E+03 1.66271E+05 1.01000E+01 6.44540E+04
 2.57006E+03 1.68260E+05 7.60001E+00 6.61380E+04
 2.57113E+03 1.70260E+05 1.01000E+01 6.78210E+04
 2.57221E+03 1.72328E+05 4.60001E+00 6.90820E+04
 2.57328E+03 1.74062E+05 7.60001E+00 7.04525E+04
 2.57436E+03 1.76072E+05 1.01000E+01 7.15830E+04
 2.57544E+03 1.78231E+05 9.60001E+00 7.18800E+04
 2.57638E+03 1.80062E+05 9.10001E+00 7.28335E+04
 2.57732E+03 1.80442E+05 1.31000E+01 7.30795E+04
 2.57826E+03 1.82011E+05 1.06000E+01 7.31090E+04
 2.57920E+03 1.84700E+05 1.21000E+01 7.44830E+04
 2.58014E+03 1.86795E+05 9.60001E+00 7.47485E+04
 2.58109E+03 1.88175E+05 1.01000E+01 7.52655E+04
 2.58203E+03 1.90132E+05 8.60001E+00 7.63050E+04
 2.58298E+03 1.92677E+05 9.60001E+00 7.74440E+04
 2.58393E+03 1.95020E+05 8.10001E+00 7.80555E+04
 2.58488E+03 1.97332E+05 7.60001E+00 7.95065E+04
 2.58583E+03 1.99356E+05 4.10001E+00 8.05020E+04
 2.58678E+03 2.01265E+05 5.60001E+00 8.11535E+04
 2.58773E+03 2.02950E+05 6.10001E+00 8.26915E+04
 2.58869E+03 2.05269E+05 8.10001E+00 8.39350E+04
 2.58964E+03 2.07457E+05 9.10001E+00 8.50945E+04
 2.59060E+03 2.09396E+05 1.31000E+01 8.63010E+04
 2.59156E+03 2.11478E+05 1.11000E+01 8.78460E+04
 2.59251E+03 2.13438E+05 1.06000E+01 8.82375E+04
 2.59347E+03 2.15849E+05 1.06000E+01 8.98850E+04
 2.59444E+03 2.17626E+05 1.26000E+01 9.11335E+04
 2.59540E+03 2.19402E+05 1.11000E+01 9.20500E+04
 2.59636E+03 2.21989E+05 8.10001E+00 9.29180E+04
 2.59733E+03 2.23961E+05 1.11000E+01 9.37625E+04
 2.59829E+03 2.25947E+05 1.01000E+01 9.47080E+04
 2.59926E+03 2.28109E+05 5.60001E+00 9.56615E+04
 2.60023E+03 2.30408E+05 6.10001E+00 9.64300E+04
 2.60120E+03 2.32669E+05 7.10001E+00 9.71905E+04
 2.60217E+03 2.34294E+05 1.21000E+01 9.82415E+04
 2.60314E+03 2.36542E+05 8.60001E+00 9.90605E+04
 2.60411E+03 2.38619E+05 1.06000E+01 1.00180E+05
 2.60509E+03 2.40848E+05 7.10001E+00 1.01099E+05
 2.60607E+03 2.43126E+05 1.01000E+01 1.01928E+05
 2.60704E+03 2.45234E+05 8.10001E+00 1.03380E+05
 2.60802E+03 2.47865E+05 8.10001E+00 1.05123E+05
 2.60900E+03 2.49699E+05 1.11000E+01 1.06281E+05
 2.60998E+03 2.51636E+05 1.11000E+01 1.07698E+05
 2.61096E+03 2.53911E+05 1.21000E+01 1.09272E+05
 2.61195E+03 2.55994E+05 8.10001E+00 1.10532E+05
 2.61293E+03 2.58780E+05 1.06000E+01 1.12680E+05
 2.61392E+03 2.60814E+05 1.11000E+01 1.13973E+05
 2.61490E+03 2.63194E+05 1.06000E+01 1.15823E+05
 2.61589E+03 2.65519E+05 1.16000E+01 1.17298E+05
 2.61688E+03 2.67692E+05 9.60001E+00 1.18773E+05
 2.61787E+03 2.70042E+05 6.60001E+00 1.20864E+05
 2.61886E+03 2.72129E+05 8.60001E+00 1.22091E+05
 2.61986E+03 2.74267E+05 6.10001E+00 1.23729E+05
 2.62085E+03 2.76676E+05 1.66000E+01 1.26309E+05
 2.62185E+03 2.79153E+05 1.01000E+01 1.29075E+05
 2.62284E+03 2.81381E+05 1.11000E+01 1.34334E+05
 2.62384E+03 2.83551E+05 9.10001E+00 1.43633E+05
 2.62484E+03 2.85633E+05 6.10001E+00 1.61106E+05
 2.62584E+03 2.87766E+05 6.60001E+00 1.89050E+05
 2.62685E+03 2.90347E+05 1.11000E+01 2.10285E+05
 2.62785E+03 2.92567E+05 8.10001E+00 2.11335E+05
 2.62885E+03 2.94951E+05 1.31000E+01 2.05110E+05
 2.62986E+03 2.97441E+05 9.10001E+00 1.96067E+05
 2.63087E+03 2.99337E+05 6.60001E+00 1.86910E+05
 2.63187E+03 3.01315E+05 1.36000E+01 1.81642E+05
 2.63288E+03 3.03596E+05 1.16000E+01 1.78997E+05
 2.63390E+03 3.05305E+05 1.36000E+01 1.77874E+05
 2.63491E+03 3.07807E+05 1.01000E+01 1.79169E+05
 2.63592E+03 3.09450E+05 9.10001E+00 1.82667E+05
 2.63694E+03 3.11786E+05 8.10001E+00 1.86752E+05
 2.63795E+03 3.13775E+05 1.11000E+01 1.89435E+05
 2.63897E+03 3.15530E+05 1.06000E+01 1.90145E+05
 2.63999E+03 3.16835E+05 7.60001E+00 1.89874E+05
 2.64101E+03 3.17627E+05 6.60001E+00 1.89951E+05
 2.64203E+03 3.18041E+05 1.31000E+01 1.88822E+05
 2.64305E+03 3.18335E+05 9.10001E+00 1.88736E+05
 2.64408E+03 3.18204E+05 1.26000E+01 1.87612E+05
 2.64510E+03 3.18656E+05 1.46000E+01 1.87490E+05
 2.64613E+03 3.20588E+05 1.41000E+01 1.88192E+05
 2.64715E+03 3.23337E+05 8.60001E+00 1.88739E+05
 2.64818E+03 3.26815E+05 7.60001E+00 1.90726E+05
 2.64921E+03 3.32518E+05 1.21000E+01 1.93036E+05
 2.65025E+03 3.38421E+05 1.36000E+01 1.97173E+05
 2.65128E+03 3.44231E+05 1.06000E+01 2.00457E+05
 2.65231E+03 3.48791E+05 1.61000E+01 2.04728E+05
 2.65335E+03 3.52567E+05 1.96000E+01 2.07859E+05
 2.65439E+03 3.56424E+05 9.60001E+00 2.11455E+05
 2.65542E+03 3.59828E+05 1.01000E+01 2.14057E+05
 2.65646E+03 3.64086E+05 6.60001E+00 2.16938E+05
 2.65750E+03 3.67217E+05 1.06000E+01 2.19107E+05
 2.65855E+03 3.70643E+05 1.31000E+01 2.20789E+05
 2.65959E+03 3.74131E+05 9.60001E+00 2.23282E+05
 2.66063E+03 3.76667E+05 6.10001E+00 2.25631E+05
 2.66168E+03 3.80061E+05 1.21000E+01 2.27749E+05
 2.66273E+03 3.82978E+05 1.11000E+01 2.29985E+05
 2.66378E+03 3.86035E+05 6.60001E+00 2.32705E+05
 2.66483E+03 3.89905E+05 8.10001E+00 2.34428E+05
 2.66588E+03 3.93477E+05 1.06000E+01 2.37205E+05
 2.66693E+03 3.96612E+05 1.01000E+01 2.39482E+05
 2.66798E+03 3.99922E+05 1.16000E+01 2.40991E+05
 2.66904E+03 4.03103E+05 1.36000E+01 2.43199E+05
 2.67010E+03 4.06433E+05 1.06000E+01 2.45430E+05
 2.67116E+03 4.09627E+05 1.51000E+01 2.48469E+05
 2.67221E+03 4.12848E+05 1.11000E+01 2.51987E+05
 2.67328E+03 4.16526E+05 1.11000E+01 2.55130E+05
 2.67434E+03 4.19911E+05 1.31000E+01 2.58608E+05
 2.67540E+03 4.23115E+05 9.60001E+00 2.61627E+05
 2.67738E+03 4.28727E+05 1.06000E+01 2.66340E+05
 2.67937E+03 4.36161E+05 1.36000E+01 2.71402E+05
 2.68136E+03 4.43258E+05 7.60001E+00 2.76145E+05
 2.68336E+03 4.48958E+05 1.21000E+01 2.79340E+05
 2.68536E+03 4.56378E+05 1.36000E+01 2.83425E+05
 2.68736E+03 4.62892E+05 5.60001E+00 2.88412E+05
 2.68937E+03 4.69990E+05 1.26000E+01 2.93171E+05
 2.69139E+03 4.76135E+05 1.66000E+01 2.99412E+05
 2.69341E+03 4.83041E+05 1.86000E+01 3.04632E+05
 2.69543E+03 4.90242E+05 8.10001E+00 3.11860E+05
 2.69746E+03 4.97713E+05 1.46000E+01 3.17441E+05
 2.69950E+03 5.05409E+05 1.66000E+01 3.23437E+05
 2.70154E+03 5.13304E+05 1.56000E+01 3.28723E+05
 2.70358E+03 5.21654E+05 1.36000E+01 3.34892E+05
 2.70563E+03 5.28714E+05 1.56000E+01 3.39673E+05
 2.70768E+03 5.36760E+05 1.46000E+01 3.45914E+05
 2.70974E+03 5.44648E+05 1.51000E+01 3.52472E+05
 2.71181E+03 5.51926E+05 1.31000E+01 3.59514E+05
 2.71387E+03 5.60003E+05 1.56000E+01 3.68350E+05
 2.71595E+03 5.67748E+05 1.66000E+01 3.75657E+05
 2.71803E+03 5.75760E+05 1.56000E+01 3.85211E+05
 2.72011E+03 5.83670E+05 1.26000E+01 3.93737E+05
 2.72220E+03 5.91747E+05 1.36000E+01 4.00877E+05
 2.72429E+03 5.99973E+05 2.31000E+01 4.08990E+05
 2.72639E+03 6.07296E+05 1.01000E+01 4.15612E+05
 2.72849E+03 6.14883E+05 1.56000E+01 4.21357E+05
 2.73060E+03 6.22964E+05 1.46000E+01 4.27712E+05
 2.73272E+03 6.29784E+05 1.06000E+01 4.32955E+05
 2.73483E+03 6.37556E+05 8.60001E+00 4.37062E+05
 2.73696E+03 6.45637E+05 1.21000E+01 4.42118E+05
 2.73909E+03 6.53863E+05 1.06000E+01 4.47249E+05
 2.74122E+03 6.61099E+05 1.11000E+01 4.52206E+05
 2.74336E+03 6.69310E+05 9.10001E+00 4.58668E+05
 2.74550E+03 6.76723E+05 1.26000E+01 4.65393E+05
 2.74765E+03 6.84791E+05 1.56000E+01 4.71619E+05
 2.74981E+03 6.92821E+05 1.16000E+01 4.78469E+05
 2.75197E+03 7.00759E+05 1.06000E+01 4.85774E+05
 2.75413E+03 7.08726E+05 9.60001E+00 4.92410E+05
 2.75630E+03 7.16565E+05 1.36000E+01 4.99497E+05
 2.75848E+03 7.23470E+05 1.46000E+01 5.07230E+05
 2.76066E+03 7.31483E+05 1.21000E+01 5.16158E+05
 2.76285E+03 7.39266E+05 1.81000E+01 5.23895E+05
 2.76504E+03 7.48161E+05 9.60001E+00 5.32164E+05
 2.76723E+03 7.55406E+05 1.16000E+01 5.40202E+05
 2.76944E+03 7.63866E+05 1.31000E+01 5.48431E+05
 2.77164E+03 7.71879E+05 1.26000E+01 5.54727E+05
 2.77386E+03 7.79900E+05 1.01000E+01 5.62107E+05
 2.77607E+03 7.89753E+05 8.60001E+00 5.70557E+05
 2.77830E+03 7.96370E+05 8.60001E+00 5.77911E+05
 2.78053E+03 8.04369E+05 1.11000E+01 5.84335E+05
 2.78276E+03 8.12609E+05 1.86000E+01 5.91617E+05
 2.78500E+03 8.20484E+05 1.51000E+01 5.99362E+05
 2.78725E+03 8.27691E+05 1.31000E+01 6.07434E+05
 2.78950E+03 8.35871E+05 1.41000E+01 6.16141E+05
 2.79175E+03 8.43563E+05 1.46000E+01 6.24892E+05
 2.79401E+03 8.52030E+05 1.01000E+01 6.33347E+05
 2.79628E+03 8.57961E+05 1.41000E+01 6.40550E+05
 2.79855E+03 8.66292E+05 1.21000E+01 6.48765E+05
 2.80083E+03 8.74952E+05 1.36000E+01 6.57464E+05
 2.80312E+03 8.81867E+05 1.16000E+01 6.63966E+05
 2.80540E+03 8.89379E+05 1.06000E+01 6.71231E+05
 2.80770E+03 8.97254E+05 1.11000E+01 6.77030E+05
 2.81000E+03 9.04971E+05 1.26000E+01 6.83679E+05
 2.81231E+03 9.12028E+05 1.01000E+01 6.89731E+05
 2.81462E+03 9.19690E+05 1.36000E+01 6.96094E+05
 2.81693E+03 9.26040E+05 1.36000E+01 7.04185E+05
 2.81788E+03 9.29125E+05 1.76000E+01 7.07558E+05
 2.81883E+03 9.32322E+05 1.36000E+01 7.11624E+05
 2.81978E+03 9.35788E+05 1.46000E+01 7.15466E+05
 2.82073E+03 9.38355E+05 1.26000E+01 7.18192E+05
 2.82169E+03 9.41151E+05 1.41000E+01 7.20341E+05
 2.82264E+03 9.42774E+05 1.46000E+01 7.22526E+05
 2.82359E+03 9.46369E+05 8.60001E+00 7.26197E+05
 2.82455E+03 9.47830E+05 1.21000E+01 7.28680E+05
 2.82551E+03 9.49813E+05 8.60001E+00 7.30710E+05
 2.82646E+03 9.52762E+05 7.10001E+00 7.34477E+05
 2.82742E+03 9.54750E+05 1.16000E+01 7.35755E+05
 2.82838E+03 9.58261E+05 1.06000E+01 7.40490E+05
 2.82934E+03 9.62636E+05 1.06000E+01 7.43332E+05
 2.83030E+03 9.65784E+05 1.26000E+01 7.47952E+05
 2.83126E+03 9.68473E+05 1.31000E+01 7.49715E+05
 2.83223E+03 9.70657E+05 1.26000E+01 7.51904E+05
 2.83319E+03 9.74409E+05 1.61000E+01 7.54821E+05
 2.83415E+03 9.76451E+05 1.41000E+01 7.58449E+05
 2.83512E+03 9.78330E+05 6.60001E+00 7.60096E+05
 2.83609E+03 9.80968E+05 1.10001E+00 7.62103E+05
 2.83705E+03 9.83182E+05 3.60001E+00 7.63123E+05
 2.83802E+03 9.85958E+05 7.60001E+00 7.65862E+05
 2.83899E+03 9.89304E+05 1.26000E+01 7.67295E+05
 2.83996E+03 9.92671E+05 1.26000E+01 7.70491E+05
 2.84094E+03 9.95912E+05 1.46000E+01 7.71627E+05
 2.84191E+03 9.97951E+05 8.10001E+00 7.72652E+05
 2.84288E+03 1.00058E+06 6.60001E+00 7.75345E+05
 2.84386E+03 1.00366E+06 5.10001E+00 7.78056E+05
 2.84483E+03 1.00528E+06 1.21000E+01 7.78952E+05
 2.84581E+03 1.00828E+06 1.26000E+01 7.81969E+05
 2.84679E+03 1.01168E+06 1.06000E+01 7.84812E+05
 2.84776E+03 1.01398E+06 1.26000E+01 7.86881E+05
 2.84874E+03 1.01670E+06 1.31000E+01 7.91091E+05
 2.84972E+03 1.02069E+06 1.26000E+01 7.95517E+05
